475 648 -102 -495 202 -924 97 -507 -107 -349 -275 482 843 -47 583 372 719 -631 460 69 526 782 245 -65 -314 -916 676 634 -349 432 196 773 358 -501
112 15 -649 110 -384 -42 78 233 -626 -131 419 783 675 879 366 206 962 -438 636 -585 -838 240 628 -713 173 -7 -461 27 135 970 -1000 59 903 -373 -251 -977
-397 -227 927 -701 292 505 814 -523 417 -892 -494 547 377 393 -841 813 -691 911 945 -18 -639 870 -414 -265 949 707 -791 -859 -904 -468 -967 366 61 -385 -474 492 -893 513 -24 993 923 -542 -154 69 -245 994 525 -536 -98 -259 -154 -745 91 -442 300 -485 567 -614 672 514 256 802 793 757 -663 303
128 70 480 -880 214 19 -586 545 37 926 301 -98 130 790 -291 -755 -201 308 -931 445 -706 -550 577 165 249 823 -958 167 970 -208 -547 614 602 929 -858 -661 31 123 266 -257 787 505 660 424 -621 124 -296 -486 391 9 590 -293 916 -638 510 -328 -343 -522 -893
-474 515 786 -734 9 -609 -98 399 265 344 29 830 381 813 -690 248 -282 -599 -784 -758 -499 508 -895 4 662 726 833 197 563 -681 256 334 -475 -790 -331 930 -699 994 778 -62 284 -609 -109
-269 -353 304 674 -292 -512 136 -343 -516 298 72 -936 -584 69 -140 529 369 -717 -51 -701 -214 -937 67 -374 693 968 702 337 557 -699 202 417 -123 33 635 -826 -609 -791 -4 -127
921 674 -853 970 -489 -152 850 273 814 393 879 282 -455 781 -980 763 274 381 991 -911 590 -276 -642 -530 749 -574 154 866 301 -377 -606 -452 -58 -267 327 701 156 658 960 -809 393 -99 -798 386 -92 872 784 -818 -276 349 -53 -234 761 934 -497 -486 -790 704 446 719 505
-705 -476 814 -264 953 325 -956 831 -154 147 -465 -527 22 3 -654 -85 998 -144 -934 19 74 247 282 -875 -927 -918 164 -862 -781 -620 988 -816 -730 -894 623 -414 420 -612 -94 512 529 736 -5
-7 55 539 -896 877 -173 -834 490 579 175 374 -259 805 -327 802 -399 -812 -321 361 560 78 346 178 621 -465 915 -955 38 -319 408 -321 -384 -691 -448 -726 -511 868 -259 -123 -563 76 357 29 -292 674 204 -476 564 -380 -802 620 -116 180 -194
88 741 -62 575 -356 -400 898 754 553 251 -229 -323 131 931 -505 -154 718 -39 -160 -1 -229 -44 973 -17 500 -525 -681 -82 838 -498 491 562 -756 971 -164 61
-562 253 272 530 438 -404 218 467 70 -360 395 666 -55 -419 79 919 -97 -975 -61 -796 -414 303 698 467 294 239 120 -388 100 -469 212 -345 -974 21 429 648 184 822 445 488 326 932 596 65 -802 661 -511 658 -470 256 -754 833 44 384 369 -214 405 -279 828 -117 -427 769 622 42 47
444 -898 -99 175 -853 111 -733 -138 -188 327 552 438 -69 -83 -221 80 -654 -668 -832 -708 -685 786 -483 -31 -945 -441
433 -279 516 -321 -42 279 898 -80 266 -465 -843 -117 -630 -176 -514 204 -858 -644 349 391 294 -748 -711 760 760 -22 -265 220 450 -876 -363 -814 396 -816 117 516 -794 -254 980 886 456 -771 630 -23 446 589 -247 -153 325 -692 612 286 930 357 -754 -843 -67 -37 -130 -975 -973 966 -879 -585 -464 695 -691
-595 873 -581 -241 94 -121 -344 267 -299 -679 969 -706 245 495 510 831 727 -883 -802 -255 365 229 744 388 -133 -173 -211 -968 -922 350 -604 -543 770 339 777 -143 -215 164 982 -747 -384 36 577 360 613 -858 626 755 -105 -217 253 863 353 -842 259 -836 219 -796 561 -368 124 -749 372 -8 481 -730 502 294 394 150 722
-760 -324 -301 -50 490 788 279 -742 -684 108 -288 761 477 989 -680 -809 673 -394 -729 -222 712 363 -104 717 184 13 161 398 226 700 -321 312 491 599 -646 45 985 -257 -164 -858 522 -875 710 343 -909 -473 259 -923 -831 -710 248 -920 -284 -652 -545 427 275 264 804 -776 982 -180
-186 -758 -731 -834 -801 -874 85 -329 -660 7 -686 21 -984 920 933 -803 726 515 807 697 725 172 336 -273 873 855 -325 -8 -593 -897
540 527 53 887 318 60 184 798 129 -295 82 -265 -751 866 22 -785 -542 257 568 -323 686 -396 746 -729 -743 563 273 -911 524 28 807 -821 -239 175 240 898 -281 361 298 -858 978 207 -736 -837 -634 526 -598 713 -676 -722 -404 -14 992 -569 57 170 424 697 909 -414 236 -375 -167
-74 -275 -620 -406 495 -582 -471 -273 -752 557 625 777 16 108 -533 660 512 -299 -103 988 558 241 -511 118 -809 -388 774
841 -100 -910 -328 449 -804 288 6 -136 -273 301 -294 852 -464 467 562 735 303 -824 289 -902 717 -706 38 -769 -839 379 -774 902 -232 -16 148 -88 942 -540 917 -763 157 -344 -288 64 -264 -938 -83 857 -506 -796 -353 -690 -977 -339 -336 -833 -522
444 -459 99 -203 286 -487 -249 939 -420 -964 472 402 352 -764 -512 427 388 319 -119 493 -766 459 -173 806 112 -554 -218 -110 -946 330 211 -669 -991 -522 928 514 -125 671 390 -692 651 -711 -889 947 -91 968 64 -364 -183 -236 90 -209 518 -20 -317 -802 -876 -398 223 -911 400 -230 -476
-202 -918 214 -51 -314 -528 233 -647 -531 -633 566 538 286 518 21 -412 -432 -697 -347 -418 -306 250 871 770 10 217 -165 -207 908 -931 309 -867 -533 995 -212 -810 -553 -329 -64 731 -750 -879 25 -372 677 670 587 312 -835 -725 370 937 -966 448 281 17 238 991 57 -688 895 439 346 -170 670 -461 559
-913 738 -136 958 -54 -285 -622 653 -314 750 56 -712 656 -486 139 -838 922 -585 528 65 635 830 971 440 -88 668 106 151 -249 789 -657 -311 -339 441 294 -32 412 -171 -64 601 -500 161 654 75 -36 -253 653
927 -674 890 555 642 108 -171 -947 904 -745 -291 -239 795 129 -888 -415 -87 195 -252 -55 647 611 764 -719 879 940 -458 -346 689 -452 -613 -492 918 275 212 -26 -441 -459 931 -336 -389 24 125 -377 395 542 624 496 -829 -965 945 303 -421
455 -968 -435 609 879 152 -761 -112 151 52 -768 -380 -560 -309 377 -560 -561 67 658 -127 -425 -817 -577 362 740 -650 -547 -761
-734 -8 313 545 974 594 797 493 -306 535 170 -376 982 -970 -858 379 924 -555 -873 -453 693 -860 669 521 -492 656 273 683 445 -78 822 453 -902 257 -962 -674 419 158 883 995 -556 550 137 -874 -897 821 835 363 250
933 364 863 19 -510 -386 -220 466 489 -60 327 -599 601 -192 57 -973 800 568 9 -730 -449 -541 -20 32 -868 -73 262 352 -11 -872 438 -504 613 -693 -362 -324 309 809 -966 -624 748 -714 321 -634 197 196 964 -236 -118 434 -704 -850 148 268 -360 -934 626 -408 730 -897
142 -10 925 -430 39 818 -719 708 569 50 130 163 -940 475 79 -494 771 -969 -120 27 952 368 885 301 -908 329 612 869 309 110 903 -302 -499 430 -69 805 683 736 -113 -719 -467 -586 -39 437 684 -717 -80 -354 299 348 868 762 -967 -489 -579 660 -273 426 -236 686 777 -911 266 -505 867 617 -106 492
306 -108 353 -320 -702 1 801 -550 798 -896 856 344 -771 -448 -689 -608 -143 -784 600 763 473 929 -339 -489 98 842 628 -321 -747 -566 772 -24 -981 -989 193 -560 -114 616 -118 533 343 555 543 108 -781 233 -962 -59 -833 -551 -445 -395 318 556 788 121 -363 -43 -287 124 -709 -14 -402 -498
652 -816 -487 -546 -359 366 804 22 155 682 751 -160 245 726 101 -119 349 -980 -939 -850 -262 -461 934 684 -844 252 -799 940 -573 700 -785 -665 -116 531 -652 924 -569 -628 -521 -400 -719 276 618 896 -581 -414 -492 -316 -753
-122 314 363 -816 -851 257 -540 61 -97 -996 -375 920 -104 988 -212 282 -197 -880 -29 -994 -660 945 922 -694 363 -288 6 -399 -197 -180 618 680 -682 -605 -678 464 62 -434 440 813 -961 -151 -90 20 614 863 522 -647 585 473 -448 362 -935 160 249
755 731 -294 948 452 -689 -119 909 -549 -144 -861 732 925 -738 -893 166 -532 142 -142 645 511 128 837 -634 560 413 -468 374 -213 523 118 49 -975 -360 -504 96 -902 -466 910 664 -658 -160 -948 -864 387 -951 245 121 439 186 521 -745 240 -136 -612 -211 178 790 -530 636 -815 -852 540 -265 -505 350 -872 -801 174 -711 -951 3 -478 764
-844 -132 834 -953 876 282 -702 -114 117 558 -520 406 -964 958 635 -202 345 -597 822 849 -23 -924 350 -808 -58 368 431 373 365 401 -950 -958 239 941 -787 -219 528 -262 306 -976 355 -99 163 745 532 -452 458 -925 530 -268 580 949 -894 508 410 -392 -616 652 -412 -138 -629 47 668 -592 85 -76 -131 -934 634 -948 632 -338 221 -339
-167 -425 -769 -867 149 762 -359 -8 -292 632 -910 -949 273 -849 609 505 -877 -95 964 -74 -873 620 725 608 972 183 -819 769 644 -645 971 -477 934 -69 -235 882 -976 681 -357 -377 647
149 -781 980 163 148 -456 -777 951 949 357 422 229 -890 -783 541 -803 -642 757 981 457 807 -882 626 -401 791 23 -5 991 -816
-16 52 -715 281 774 -334 -418 575 -613 -703 -134 -911 -487 -90 -1000 986 -875 176 -455 189 -941 -380 644 -665 -141 128 553 812 -586 -800
-83 385 10 -512 -368 616 436 -978 -224 -73 -811 420 849 374 -663 851 46 704 785 135 -117 885 794 443 -766 22 660 945 -600 -347 172 -367 -391 -619 427 783 855 896 975
528 -206 881 -107 -310 751 -150 -301 -628 -348 428 551 -616 -982 152 -489 -699 568 -620 439 -163 606 338 645 575 -416 -481 -675 -361 -256 623 -188 -52 -843 -525 61 246 557 510 -192 -635 385
-91 -408 742 94 -537 -109 -897 921 974 199 354 -84 -993 -926 590 -91 -474 -486 -855 -19 95 438 454 27 -957 -966 635 -17 -158 683 -648 -82 865
-214 130 863 -574 -452 -300 510 785 226 -954 514 165 -777 -201 290 437 688 27 -990 447 -558 -81 -120 -168 460 110 11 -421 595 953 63 558 733 -122 -186 912 689 -716 886 -37 -411 412 499 482 494 694 187 528 -531 -639 -669 -672 -559 880
73 -746 -135 606 -897 289 -732 -389 460 281 315 50 -722 -408 404 179 -763 -962 -569 412 -354 259 -85 -51 231 -791 -130 857 -163 -476 -61 -112 910 -899 -78 -446 122 -532
-291 415 377 -103 -867 213 -388 357 2 -621 584 -642 -172 934 965 745 751 852 -863 -156 -348 -265 337 370 -557 776 49 -563 -368 947 -804 218 -877 -754 738 732 378 -260 580 98 -125 160 -754 731 -178 259 502 157 -260 370 -510
-431 494 -812 -266 461 -59 -758 -525 384 -206 -127 616 -672 -818 852 983 -785 783 57 809 -490 355 -159 890 674 663 -230 555 -301 -281 -725 164 740 -429 795 -526 355 224 856 948 581 -537 768 165 350 -700 -249 837 -854 -543 527 -387 436 370 -689 -683 722 -703 -209
884 892 257 -848 -680 -828 -492 465 -715 -270 -693 -916 270 77 788 -862 82 118 222 840 -212 735 672 581 329 -19 -465 -8 212 134 -104 799 876 321 880 -876 -949 465
-490 -874 648 -12 147 662 606 -639 748 -592 768 624 -93 483 621 978 817 -548 -573 -189 235 964 -356 -171 -851 861 423 476 179 957 740 75 866 211 -92 747 309 -546 113 -468 -985 -22 -710 -406 644 651 -326 81 256 -836 770 326 -471 -396 627 465
-608 134 24 762 673 -390 115 -73 464 -861 22 -784 752 209 8 -928 929 -402 793 -50 -21 -987 -492 -750 -892 81 350 -24 -230 967 -903 -60 593 -12 -875 288 84 -213 228 -359 -494 607
-855 260 -49 733 747 -943 896 638 265 676 505 507 348 2 807 -972 -101 79 -561 398 -168 -476 -175 -168 -304 711
857 612 -86 275 121 -507 595 550 848 -340 -156 555 317 -664 432 -508 209 -985 260 160 -74 -144 70 773 -306 -468 -588 -456 8 732
765 -65 872 -390 879 719 -620 649 -525 -288 254 -847 -548 -591 364 433 365 659 604 251 321 534 -981 806 261 534 531 950 400 521 -172 -510 635 780 591 -448 -886 -68 -834 -56 -280 351 2 899 -405 953 359 813 97 41 -894 -134 -403 -215 -142 -862 -926 -150 -344 -54 644 -546 480 559
830 159 -354 788 -470 -941 -612 164 -24 -740 781 -148 179 6 990 199 -218 -579 73 -589 716 -835 -450 -250 27 -911 -558 789 300 -44 898 989 120 -518 -166
928 247 -525 -101 -59 -425 -855 -455 -442 -576 620 742 86 8 -519 975 688 811 -428 -389 164 -696 600 495 122 282 798 779 732 50 775 910 -882 -712 855 -250 735 -709 654 887 -47 -718 104 906 -317 550 -915 -239 -648 479 -621 -577
-26 -375 47 207 547 -180 -557 151 -775 -130 -29 794 633 844 -4 683 160 420 -983 655 -341 971 415 42 627 -500 406 -302 166 -121 -844 -626 255 779 397 -951 -239 -243 480 -957 182 334 635 -718 -302 877 995 238 -966 -671 -544 238 425
616 -27 -126 -738 762 -505 499 -340 854 758 -770 -120 693 99 -874 -702 646 947 90 402 -161 -158 575 -124 851 -603 866 -598 670 -16 717 -558 -271 -876 753 99 -940 -583 617 -998 -134 854 930 987 -187
-553 391 -692 -282 -170 703 -769 86 -352 401 -160 -224 84 -757 -693 -153 -169 687 -411 925 -696 567 -873 -889 239 -880 -515 137 574 -714 486 -513 317 -649 891 468 -68 -150 -746 -32 -75 -33
-443 -368 532 384 999 -163 117 538 -807 -126 -650 -231 122 -684 469 -935 669 936 -822 -917 391 -842 -307 925 963 -429 -105 -963 -310 76 -815 602 -744 468 -9 -75 112 -535 945 -694 -232 -421 850 -81 -815 -96 253 -869 -185
290 -106 520 -741 -33 -528 -844 -301 817 761 -650 729 776 98 -657 -778 261 219 37 914 -891 323 -153 908 376 -979 505 932 -44 442 -665 -144 444 -754 519 -519 -599
629 370 -364 -538 -796 -776 -882 151 -448 -568 -643 903 741 -352 145 746 760 -880 -567 -27 328 -542 -243 -898 -840 57 578 60 369 602 777 205 836 -384 -491 -695 363 784 -153 290 600 923 45 -209 -224 552 254 20 -287 -516 206 954 -159 156
-244 431 -389 -724 -657 -302 211 890 -126 817 189 -430 608 229 -338 -785 -473 63 333 -533 -645 965 807 -620 -315 -874 107 -819 438 -489 267 -292 406 -269 -408 -408 -607 -275 513 778 -173 -978 -110 391 729 508 -428 -806 845 226 -586 -221 -410 -71 215 -505 -26 261 898 -805 837 868 -113 -166 -888 -29 -261 -261 -495 -566 334 468
119 -961 -758 967 -838 -684 -74 -316 460 251 603 410 846 197 -151 -963 425 608 459 -141 -221 809 109 -83 618 -260 -819 723 291 101 86 -542 899 40 508 485 686 -278 839 -961 632 720 -139 773 549 -206 987 260 154 -916 -648 -223 -252 606 425 894 976 -140 -493 -987 -980 778 -871 -466 7 866 -901 332 833 -683
917 -965 -739 922 -450 472 -372 -412 58 -957 606 393 -411 586 791 -954 -277 313 74 -998 -522 222 150 -785 -997 -233 -435 -468 209 844 516 -884 45 511
341 -993 319 668 -244 947 233 221 -403 987 586 806 -324 523 -491 48 17 105 -526 902 -495 120 856 153 -370 -838 736 467 -679 -810 -553 -767 342 104