562 -245 898 N/A -37 -637 N/A -684 N/A -375 -113 N/A -625 -266 -852 -788 N/A 178 -581 N/A 628 -971 -315 -270 -700 -966 897 N/A -418 -761 -816 N/A 519 236 N/A 321 N/A 488 N/A 853 -81 N/A -546 -151 378 264 871 -773 -58 362 -636 N/A 388 886 546 -422 N/A 204 -534 N/A -394 471 N/A -261 -413 -287 N/A 854 -494 N/A 663 929
669 -794 187 N/A 788 -29 -995 N/A 372 -642 83 -499 -134 N/A 297 723 -501 -996 N/A 749 -64 N/A 578 -459 N/A -878 N/A -633 34 671 N/A 384
758 N/A 169 827 N/A -674 876 892 816 -295 772 N/A -765 -304 -423 N/A -68 -179 210 308 200 713 -499 N/A 596 213 911 N/A 858 295 N/A 284 876 N/A 272 N/A 447
388 -44 -566 610 -126 515 N/A 300 490 N/A 755 931 405 N/A 69 N/A 579 -772 N/A 706 N/A -677 645 -636 979 N/A 664 -856 -842 -452 163 N/A 625 N/A -824 871
16 N/A 81 N/A 648 -724 338 N/A 836 -257 448 791 -971 761 570 741 N/A 619 -955 242 -172 -733 N/A 290 -57 N/A -174 -53 N/A 65 N/A 281 -791 N/A 964 -113 11 314 N/A -557 -159 N/A 399 182 -792 -945 147 746 916 N/A -636 -532 -489 N/A 336 418 N/A -115 647 534 28 N/A 61
983 491 705 N/A 614 637 -446 155 195 N/A -150 -950 N/A 780 N/A -113 -943 -347 586 N/A 729 N/A 614 -744 19 -345 -446 -295 574 N/A 371 N/A -743 -910 543 742 N/A -79 -605 N/A 535 8 213 83 601 N/A -423 -12 340 N/A 127 -682 N/A -215 74 -395 -763 N/A -437 N/A 389 N/A 857 -145 N/A 557 -81 -586 836 N/A 552 -581 -781 -507 -952
391 970 289 -58 N/A -281 N/A 484 N/A 973 -328 N/A -236 27 -871 N/A 702 -120 N/A -718 -333 -11 734 11 -569 N/A -730 -605 -565
-492 N/A -583 N/A -498 N/A -518 N/A 358 914 N/A -833 -244 801 -483 N/A -69 N/A -667 -707 -996 56 -904 N/A -452 -877 820 -455 799 790 77 N/A -87 302 443 -886 680 -288 473 965 N/A 62 -404 N/A 754
-250 N/A 101 N/A 828 N/A 237 -655 82 -354 -325 743 -512 849 879 N/A -241 364 -54 789 N/A -349 795 379 -268 N/A 509 -536 -26 -577 82 187 N/A -796 543 964 N/A -352 41 N/A -409 N/A 265 -405 407 -92 413 N/A -489 N/A -77 N/A -201 N/A 366 586 -58
-812 516 619 N/A 950 N/A 834 698 N/A 298 N/A -643 N/A -235 -808 923 -86 -961 -972 -988 N/A -724 310 -948 833 915 820 618 562 -578 -692 N/A 741 N/A -240 N/A -205 N/A 892 366 N/A 639 -588 -793 770 380 144 -757 -298 N/A 589 -684 N/A -293 N/A 634 957 N/A -159 -57 -472 -879 N/A -947 -65 -579 421 N/A -452
-26 -992 370 N/A 590 N/A 783 N/A -950 114 N/A 576 193 265 294 -771 860 N/A 679 546 329 -582 -116 N/A -612 N/A 449 N/A -723 N/A 182 -92 -44 194 N/A -190 878 580 -487 -45
-156 -74 -176 -151 305 -320 N/A 68 -338 -27 N/A 599 357 712 N/A 358 -261 389 N/A 735 404 N/A -178 -863 N/A 943 639 -265 -529 -573 -988 N/A -381 133 -145 195 N/A 254 N/A 592 64 N/A -337 N/A -877 N/A 161 N/A -1 252 N/A 465 N/A -162 -211 -956 284 -346 -431 994 -391
-596 -582 508 165 591 -887 N/A -399 N/A 983 -96 -205 889 N/A 113 -514 N/A 978 -825 -942 -213 N/A -17 675 441 225 N/A -98 N/A 883 28 -430 -936 -179 582 -70 N/A 279 -194 N/A 140 187 50 -358 556 N/A -561 N/A -709 N/A -881 -747 390 N/A 769 N/A 98
-132 N/A 417 -150 718 -382 -887 -683 -677 -931 N/A -267 120 N/A 107 N/A -604 596 225 N/A 449 84 572 N/A -171 -489 -791 -445 738 N/A 492 -72 N/A 123
905 -879 N/A 120 N/A 145 -482 N/A -256 116 101 N/A 245 134 2 -550 N/A -302 N/A 867 N/A -177 -329 -505 N/A -809 -562 -524 -71 -421 -546 768 N/A -163 586 287 464 N/A -20 72 -507 457 N/A 669
-423 -53 914 -584 N/A 368 325 -398 -807 -271 844 N/A -585 539 268 702 N/A -193 882 N/A -465 -412 N/A -810 N/A 56 -833 N/A 103 N/A 521 914
-877 -795 -350 N/A -100 -151 N/A -299 N/A 929 960 N/A 904 -607 N/A -816 N/A -847 676 -8 N/A 408 967 817 N/A -649 -892 274 421 -933 N/A -457 897 426 139 -4 -944 939 910 N/A 934 207 943 864 667 N/A 967 -175 N/A 946 105 N/A 867 -183 -488 N/A 666 N/A 327 461
-408 N/A 700 -992 N/A 544 448 -684 N/A -828 976 989 -819 -31 N/A -484 N/A 347 -541 N/A 91 75 827 -510 N/A -428 -222 909 727 676 -874 -153 N/A -216 764 134 -370 N/A -434 N/A 448 N/A -547 197 -190 948 -578 91 248 N/A 350
672 -397 611 N/A 977 322 N/A 925 625 126 933 N/A 987 N/A 54 -442 532 -280 -577 N/A 353 -754 N/A 189 251 -399 N/A 697 -666 -517 N/A 125 N/A -123 640 -567 N/A 952 3 -516 379 N/A -697 -141 -703 -554 N/A -202 -59 683 566
-307 N/A 410 -861 N/A 478 17 N/A 235 515 -209 -278 -697 N/A -880 807 N/A -910 -952 N/A 923 428 343 N/A -433 562 N/A 642 -981 188 -844 -821 130 -651 -524 315 922 -87 N/A -944 -19 -570 N/A 754 -346 -401 -246 N/A -75 N/A -539 N/A 977 -521 N/A 348 -603 -357 696 -988 N/A -620 340 N/A 645 -304 515 N/A -811 177
-916 282 -585 N/A 542 N/A 131 -927 N/A 361 269 -350 -888 206 570 N/A -116 -724 N/A 234 682 -141 -126 N/A -746 186 850 -877 N/A 861 N/A -254 -169 -494 -630 N/A 349 315 10 N/A -329 N/A -871 -407 590 -652 706 199 N/A 19 -87 N/A 148 N/A 252 N/A -385 599 -113 223 973 30 N/A -373 -516 -548 N/A 946 -953
250 424 -828 760 N/A 627 N/A 178 585 -612 N/A 727 -610 -965 -578 N/A -651 -330 N/A 93 N/A -382 N/A 856 N/A 222 610 -127 -392 -383 N/A -365 923 712 -461 N/A -868 N/A -387 N/A -908 82 N/A -73 696 N/A -681 103 -386 -835 -235 391 N/A 105 -244 -123 -513 -359 385 -47 187 11 424 513 N/A -274
-102 739 -910 N/A -539 513 -441 N/A 683 673 979 -180 N/A 234 N/A 570 54 428 223 916 N/A 628 N/A 370 -887 -357 787 N/A 332 -293 840 N/A -228 141 N/A 162 N/A -221 -814 117 829 N/A -204 N/A 130 -500 N/A 154 -739 -41 -201 610 -725 -392 -461 N/A 193 -484 945 N/A -111 N/A -227 709 N/A 631 103 -356 -106
-920 -535 -153 -462 -802 -110 -755 N/A 40 963 N/A -2 63 N/A 665 29 -901 -489 62 N/A -649 390 969 N/A -478 N/A -63
249 N/A -282 210 N/A 290 -487 -888 -232 151 879 N/A 38 -493 N/A -557 614 N/A 748 -615 -585 189 476 983 N/A 760 -346 N/A -439
78 N/A -592 -132 -767 -840 N/A 841 -695 -88 615 N/A 348 N/A -958 -836 481 987 -387 827 615 N/A 36 N/A -818 N/A 68 -375 -506 -308 N/A -353 388
-221 -255 N/A 904 N/A -991 N/A -733 -533 N/A 212 -58 -259 N/A -748 N/A 656 -704 -275 852 N/A -373 -815 -400 740 656 N/A 564 975 -659 582 -173 N/A 894 244 245 780 -936 N/A 224 -117 -352 -126 N/A 666 -318 N/A -444 N/A 679 204 767 -887 620 426 N/A -570 -346 -145 N/A 672 217 N/A 500 N/A -325 N/A 15 -829 -76 96 -752
637 N/A 613 -136 N/A -14 N/A 681 N/A -762 N/A 898 189 -773 -700 773 -389 665 -67 N/A 887 295 N/A 904 -535 N/A 181 N/A 598 -946 511 N/A 916 -9 N/A 869 -873 N/A 503 -145 -181 370 680 N/A 136 -197 N/A 434 829 235 -38 643 -194 -881 138 200 -935 N/A 687 -147 583 822
600 -335 -778 748 N/A -727 -702 -315 953 410 N/A 419 860 239 -575 N/A 577 -769 -446 313 N/A 147 738 -9 N/A -463 -108 N/A 448 -308 442 N/A -541 N/A 932 422 -779 N/A -700 N/A -386 N/A 984 854 -511 N/A -513 919
-212 N/A -52 166 863 596 N/A 971 -374 997 N/A -573 -343 -747 -79 N/A -963 -205 N/A 778 N/A -970 541 -857 N/A 780 N/A -130 -945 N/A -877 N/A 183 -897 N/A 908 N/A 319 664 -441 -145 -594 -386 154 -549 N/A -234 -862 -142 145 -117 -903 N/A -334 N/A -812 862 194 118 N/A -756 -949 931 -588 141
-682 N/A 359 837 232 -901 -9 -67 164 N/A -674 387 149 N/A -1 125 -675 -127 N/A 467 -827 N/A 584 N/A 724 -836 -875 -314 -180 496 501 -458 605 N/A -339 -448 -964 N/A -102 130 N/A 811 N/A -143 N/A -223 -301 -416 N/A -175
630 N/A 881 547 N/A -865 -128 N/A -222 -219 N/A -112 922 298 -699 20 -196 -57 -869 -554 -254 N/A 236 -355 N/A 591 -963 -304 -579 -799 N/A -808 -647 N/A 472 230 N/A -274 58 390 840 N/A -366 N/A -78 648 N/A -34 -455 41 -292 N/A 206
747 -513 812 471 -401 224 N/A -143 587 710 N/A 861 N/A 757 606 -486 959 260 N/A 181 N/A -784 N/A -229 -393 42 N/A 734 N/A -457 -422 -928 -10 128 -968 -418 N/A -833 N/A 223 947
-277 N/A 598 N/A -141 37 125 -830 -875 N/A -55 812 N/A 430 -1000 N/A 506 -266 N/A 490 -754 153 -600 -187 N/A -873 -362 992 N/A 400 N/A -502 N/A -542 -138 777 737 N/A -832 -47 565 -478 N/A 293 7 833 -951 N/A 117 -360 N/A -748 772 -397 301 -955 N/A -4 N/A -32 N/A 966 254 N/A -474 -50 -463 -106 -890 27 738 -467 -938
734 688 -430 -581 118 N/A -619 -219 288 -12 -1 N/A 397 N/A 85 -33 411 -999 N/A 375 -887 N/A 532 -575 N/A -350 N/A 408 492 -251 -1 -552 676 -412 N/A 503 -982 N/A 990 968 N/A -187
-745 N/A -613 -924 -55 680 400 -347 432 -717 N/A -159 -64 695 255 54 -75 N/A 492 N/A -243 N/A -29 958 N/A 581 925 -647 N/A 996 134 -644 -372 966 273 N/A 998 -830 834 -156 N/A 423 318 N/A -209 484 N/A 649 862 985 N/A -774 -644 752 N/A 594 N/A 964 402 -669 -756 N/A 398 836 315 N/A 881 -217 N/A 472 108 N/A 854
213 N/A -427 950 136 388 375 -51 N/A 391 N/A -635 667 N/A 201 131 N/A 516 875 -479 N/A -327 529 494 143 -310 N/A -681 -749 871 -234 299 N/A -722 295 N/A 624 872 802 N/A -650 -200 N/A -600 -323 116
-764 N/A 109 -775 251 774 -763 232 158 77 -629 N/A 451 N/A -466 460 -806 N/A -620 N/A 677 506 -556 799 N/A 379 -899 -726 552 -502 257 N/A 556 -91 -276 N/A 37 -656 870 586 N/A 860 707 746 458 N/A 21 N/A -719 N/A -968
-870 -580 N/A 271 N/A 193 -496 147 N/A 920 585 N/A -343 688 -114 987 639 -984 -711 N/A -160 N/A 920 N/A -950 -644 -764 -385 -891 N/A 165 607 35 -223 -349 759 N/A -560 -928 N/A 109 -833 N/A 198 439 -427 -920 -36 N/A 872 861 N/A 36 -823 638 N/A -701 -893 N/A -322 172 733 589 689 351 217 -457 N/A -900 N/A -427 288 -976 N/A 332
-246 -406 -700 -978 -955 N/A 215 161 -362 609 -573 -955 -297 10 785 -936 580 N/A 374 N/A -157 N/A 498 -104 592 N/A -472 N/A -785 -284 N/A -358 -168 -856 N/A -667 N/A -2
741 64 847 446 150 N/A 604 N/A -734 154 -124 -217 484 993 N/A -438 N/A 811 0 951 968 N/A -738 196 N/A 148 N/A -251 N/A 632 -173 830 966 -783 N/A 447 -739 -906 828 N/A 730 527 -906 348 N/A -533 N/A -915 -584 -421 -20 N/A -745 956 550 -697 N/A 701 N/A -797 979 189 -635
-25 268 N/A 961 757 -167 N/A 351 -398 N/A 408 253 N/A -272 -571 -878 N/A -293 N/A -544 433 852 325 738 639 -760 -930 N/A -427 556 N/A -54 N/A 406 -806 404 N/A -115 -71 N/A -850 89 -17 -210 -487 54 N/A -423 34 -68 N/A -452 889 -177 377 N/A -507 607 N/A -604 665 -1 N/A 259 745 N/A 220 -417 -731
-682 -824 153 -144 181 N/A 24 N/A 428 N/A -802 N/A 619 723 -649 711 24 -959 N/A 900 N/A -673 -716 227 -94 -455 966 N/A -419 N/A 919 289 -32 -773 383 906 189 -114 -89 443 N/A -635 299 419 -845 N/A -219 894 N/A -126 N/A -51 N/A 976 N/A 314
-763 N/A -35 461 511 N/A 659 N/A -126 -748 -377 -873 -353 -779 61 N/A -801 -614 N/A -726 -553 66 -838 N/A 817 -817 -952 N/A -116 311 195 N/A 363 -71 -720 -318 N/A 513
597 227 -488 -479 -565 252 479 -119 768 224 -614 924 474 468 N/A -533 -605 N/A -301 N/A -821 -598 N/A 338 686 N/A 891 753 791 881 N/A 851 74 331 N/A -581 N/A -158 -277 179 -200 N/A -438 107 N/A 605 463 N/A 29 824 N/A -408 40 N/A -143 -811 596 525 N/A -392 626 N/A 903 N/A 98
-377 -552 -355 -100 N/A 288 N/A -458 N/A 499 N/A 654 253 359 N/A 255 286 -772 183 125 N/A -488 55 424 499 N/A -709 -57 40 N/A 184 -173 N/A -839 N/A 131 N/A 894 740 39 657 N/A -283 N/A 705 -221 460 -210 272 -261 277 -339 359
830 N/A -999 298 661 N/A 420 N/A -438 -852 109 -183 15 -920 635 847 723 -531 N/A -516 -426 N/A -631 N/A -386 847 -240 -328 N/A 167 N/A -244 N/A -567 349 N/A 681 -78 -775 -907 22 596 171 N/A 48 520 679 72 N/A 866
596 N/A 191 N/A -863 481 -957 -284 N/A -901 428 547 217 N/A -949 -886 -802 N/A -747 N/A 52 -335 347 N/A -836 789 N/A -464 -61 -751 11 -603 N/A 477 -89 -264 -177 -719 N/A 684 811 373 N/A -83
-922 N/A 706 881 -274 -544 314 128 836 N/A -772 623 773 N/A -839 934 N/A -294 N/A 683 N/A -885 N/A 390 -2 852 N/A 625 140 658 447 N/A -465 N/A -914 N/A 575 318 -770 N/A 369 N/A 217 N/A -637 820 307 -712 932 N/A 810 -96 -11 543 -582 621 N/A -418 -793 N/A -827 -108 416 95 384 259 407 -84 581 716
-931 61 921 290 -916 311 N/A 283 -921 -259 -925 -177 N/A 271 N/A -243 517 N/A 102 N/A 910 N/A 628 434 N/A -522 -474 N/A -409 -14 -689 -22 -770 N/A 961 -312 42 N/A -607 -136 -465 716 N/A -219 812 592
642 -941 -915 -547 N/A -857 564 -895 N/A 374 290 -774 72 N/A 687 -488 N/A 836 119 -695 N/A -172 -799 -195 -529 -711 -263 N/A 82 N/A 660 N/A -154 509 -569 521 N/A -963 -7 N/A 948 -293 N/A -796 N/A 923 831 -434 394 N/A -422 -167
75 -157 257 N/A -770 N/A -190 -583 287 -239 734 -664 N/A 452 N/A -336 N/A 98 265 -771 675 N/A 277 301 N/A -962 750 N/A -958 -313 -20 -63
-256 -338 N/A 748 555 -485 N/A -255 -354 91 185 N/A -956 669 -552 N/A -264 855 -376 851 N/A -831 N/A -415 -384 288 N/A -524
930 -757 537 -127 -445 919 379 163 N/A 758 -364 -316 -587 -799 784 78 283 -250 N/A -762 N/A 874 N/A -546 N/A -110 N/A 869 -718 N/A 937 -575 N/A 357 418 983 N/A 603 -784 57 -274 N/A -75 N/A 326 -562 -745 N/A 238 -86 N/A 973 -130 903 122 81 N/A 891 -682 N/A -111 -648
594 869 -368 -825 -997 N/A 583 -915 N/A 848 N/A -220 -653 172 N/A 316 700 496 -979 -483 -304 -215 853 N/A 210 N/A -869 333 104 -825 217 N/A 734 N/A -631 N/A 323 -652 124 135 -579 N/A 319 N/A -356 -899 -271 N/A 963 -831 -420
-873 N/A 891 515 N/A 55 N/A 910 733 N/A 919 389 963 -574 10 -316 234 N/A -157 N/A -7 N/A -947 297 -188 929 -701 108 -800 829 N/A -187 -484 -673 N/A -304 -117 224 N/A -418 -752 N/A -384 859
456 -574 -671 N/A -222 N/A -860 329 15 -202 N/A -175 787 -840 865 -499 N/A 419 N/A -958 -188 N/A -284 114 -795 895 N/A -707 N/A -71 -307 508 -596 869 -904 833 -356 177 N/A -249 974 N/A -824 186 N/A 823
-608 608 N/A 716 969 N/A -965 -446 -917 N/A -572 849 -117 491 789 799 N/A 924 485 187 -491 N/A 337 N/A -425 -810 -948 -802 272 992 N/A -535 N/A -859 773 153 N/A -155 38 N/A 146 -715 N/A -820 -813 -294 444 N/A 547 769 -661 N/A -219 N/A -744 -889 354
433 N/A -383 797 -86 -382 971 -734 -798 N/A 812 N/A -346 -47 -365 283 -834 956 N/A 541 820 N/A -236 -851 997 -765 -359 -339 N/A 990 N/A -210 793 N/A 153 -134 157 -384 N/A -15 129 537 N/A 158 637 N/A -38 -225 -510 508 N/A 282 N/A 223 505 -844 N/A 200 44 N/A -803 -285 -324 -929 N/A -758 817
-842 781 -453 866 193 -7 N/A -984 -62 N/A 616 N/A -478 N/A -218 N/A 416 119 N/A 423 N/A -67 N/A -645 -708 363 147 N/A 532 -886 385 N/A -968 -832 -948 -584 254 -982 N/A 535 N/A 180 -219 83 803 N/A 503 N/A 178 -561 967 856 N/A -457 -761 N/A 532 912 796 827 661 -403 -148 171 142
280 -751 783 196 17 -136 -218 N/A 602 355 -68 N/A 179 -789 481 -58 12 N/A 29 N/A -763 N/A -844 N/A -2 -714 N/A 744 -185 N/A 455 -721 -208 N/A 377 699 993 -889 N/A 814 -414 N/A -114 -207
-32 421 -150 N/A 954 454 N/A 612 N/A -419 -868 N/A -481 -217 N/A 74 800 520 -786 N/A 209 N/A 893 771 545 -388 672 946 168
591 39 212 N/A 449 177 N/A -408 N/A 598 N/A -922 -808 214 -104 -345 N/A 470 -47 -130 N/A -965 -10 N/A -115 467 -853 N/A -489 -981 -413 177 -647 40
722 N/A -297 -897 N/A -681 -777 N/A -874 N/A -73 -622 N/A 529 773 -686 N/A 304 N/A 849 N/A 752 -369 -519 N/A 925 -547 N/A -658 410 -716 -349 -813 577 N/A 773 -704 540 416 -816 -891 40 -556 -105 -754 N/A -494 -614 N/A -462 N/A -811 N/A 404 576 N/A 690 -543 -182 N/A -612 89 N/A -589 213 219 -371 -579 -115 911 456 855
121 N/A -768 -697 854 362 952 676 -974 N/A -553 -90 699 -169 N/A -159 N/A -448 N/A 457 643 673 N/A -866 -512 90 69 -704 N/A 264 802